function fireSizes = FireSizes()
% N=16;p=0.01;f=0.2;T = 10000
    fireSizes = [[1,8,23,13,1,32,37,5,43,2,126,1,18,37,49,3,5,22,52,2,1,73,2,3,6,31,35,4,2,20,1,15,9,8,24,77,21,3,7,1,9,6,1,1,94,2,10,19,39,82,2,1,42,8,1,92,24,1,2,11,13,12,6,9,5,7,2,1,65,5,4,14,68,14,8,2,69,12,27,1,12,50,1,2,1,48,1,3,1,9,84,5,7,7,37,1,5,1,29,1,3,65,1,6,28,7,2,1,131,1,13,1,3,2,50,41,1,7,7,1,3,19,2,17,4,85,17,1,1,3,76,20,6,107,1,4,1,48,2,11,5,71,1,1,6,39,40,1,3,22,19,82,1,1,17,11,21,6,42,27,18,26,1,12,43,29,1,2,4,2,3,89,1,15,27,47,2,17,3,33,32,41,11,16,59,19,30,6,15,120,2,12,5,40,3,1,2,4,18,94,22,1,6,10,29,12,7,42,1,79,10,4,14,26,60,1,28,6,19,25,4,1,66,33,18,19,21,48,43,4,3,2,9,57,45,17,4,170,39,1,12,25,10,4,2,1,23,1,98,39,1,4,11,3,2,8,111,31,1,2,4,63,42,2,4,12,28,3,12,1,43,41,11,7,2,1,56,47,5,2,16,9,115,7,3,85,15,3,18,5,12,17,13,3,32,1,5,5,35,55,5,5,2,5,17,42,38,1,34,40,9,1,9,48,8,1,3,13,5,13,9,6,37,5,1,2,90,6,2,1,6,14,32,9,31,80,14,76,65,2,4,22,11,1,1,37,3,10,54,31,46,1,73,17,4,7,1,3,1,2,18,3,7,34,64,35,11,23,42,16,7,82,4,1,3,109,9,24,6,1,13,2,48,1,8,7,9,5,73,3,2,55,13,13,4,7,73,1,27,2,9,14,17,14,1,2,24,20,4,1,8,17,32,59,1,2,12,5,68,14,3,30,1,2,6,1,75,15,14,2,2,2,2,3,17,138,1,8,15,3,2,3,1,23,5,85,4,5,2,3,5,114,13,69,11,1,64,15,1,5,51,3,4,61,38,29,1,2,77,7,72,1,78,5,1,21,14,20,5,17,2,7,9,11,14,18,4,5,14,1,100,27,2,1,7,6,40,36,1,7,33,6,22,1,87,18,9,9,22,19,17,10,33,27,12,51,3,2,6,1,89,4,110,4,6,26,11,5,28,2,5,11,5,3,1,71,2,58,2,1,7,42,9,19,113,51,1,22,6,2,4,36,45,24,3,10,1,71,11,1,6,2,1,7,21,72,12,94,11,26,48,11,24,50,11,85,17,22,2,10,25,1,71,15,11,34,27,48,1,12,16,1,22,2,88,13,2,2,1,12,27,23,19,2,93,15,11,57,21,2,113,1,8,12,2,12,24,1,8,2,72,10,20,24,1,22,27,9,6,36,6,1,5,89,118,1,55,2,1,25,4,88,53,3,6,3,4,78,5,17,2,164,10,7,13,3,38,1,3,59,34,22,3,85,26,18,5,11,38,20,15,12,36,11,99,4,2,97,41,9,9,5,1,31,71,72,12,34,1,9,145,1,20,4,5,2,2,67,21,1,62,17,81,20,21,25,89,4,1,1,6,11,14,13,12,2,6,3,33,57,11,3,39,28,1,33,1,35,6,11,5,10,14,57,3,6,2,54,4,4,1,13,28,53,4,11,108]];
end