function fireSizes = FireSizes()
% N=16;p=0.01;f=0.2;T = 10000
    fireSizes = [1,8,23,13,1,32,37,5,43,2,126,1,18,37,49,3,5,22,52,2,1,73,2,3,6,31,35,4,2,20,1,15,9,8,24,77,21,3,7,1,9,6,1,1,94,2,10,19,39,82,2,1,42,8,1,92,24,1,2,11,13,12,6,9,5,7,2,1,65,5,4,14,68,14,8,2,69,12,27,1,12,50,1,2,1,48,1,3,1,9,84,5,7,7,37,1,5,1,29,1,3,65,1,6,28,7,2,1,131,1,13,1,3,2,50,41,1,7,7,1,3,19,2,17,4,85,17,1,1,3,76,20,6,107,1,4,1,48,2,11,5,71,1,1,6,39,40,1,3,22,19,82,1,1,17,11,21,6,42,27,18,26,1,12,43,29,1,2,4,2,3,89,1,15,27,47,2,17,3,33,32,41,11,16,59,19,30,6,15,120,2,12,5,40,3,1,2,4,18,94,22,1,6,10,29,12,7,42,1,79,10,4,14,26,60,1,28,6,19,25,4,1,66,33,18,19,21,48,43,4,3,2,9,57,45,17,4,170,39,1,12,25,10,4,2,1,23,1,98,39,1,4,11,3,2,8,111,31,1,2,4,63,42,2,4,12,28,3,12,1,43,41,11,7,2,1,56,47,5,2,16,9,115,7,3,85,15,3,18,5,12,17,13,3,32,1,5,5,35,55,5,5,2,5,17,42,38,1,34,40,9,1,9,48,8,1,3,13,5,13,9,6,37,5,1,2,90,6,2,1,6,14,32,9,31,80,14,76,65,2,4,22,11,1,1,37,3,10,54,31,46,1,73,17,4,7,1,3,1,2,18,3,7,34,64,35,11,23,42,16,7,82,4,1,3,109,9,24,6,1,13,2,48,1,8,7,9,5,73,3,2,55,13,13,4,7,73,1,27,2,9,14,17,14,1,2,24,20,4,1,8,17,32,59,1,2,12,5,68,14,3,30,1,2,6,1,75,15,14,2,2,2,2,3,17,138,1,8,15,3,2,3,1,23,5,85,4,5,2,3,5,114,13,69,11,1,64,15,1,5,51,3,4,61,38,29,1,2,77,7,72,1,78,5,1,21,14,20,5,17,2,7,9,11,14,18,4,5,14,1,100,27,2,1,7,6,40,36,1,7,33,6,22,1,87,18,9,9,22,19,17,10,33,27,12,51,3,2,6,1,89,4,110,4,6,26,11,5,28,2,5,11,5,3,1,71,2,58,2,1,7,42,9,19,113,51,1,22,6,2,4,36,45,24,3,10,1,71,11,1,6,2,1,7,21,72,12,94,11,26,48,11,24,50,11,85,17,22,2,10,25,1,71,15,11,34,27,48,1,12,16,1,22,2,88,13,2,2,1,12,27,23,19,2,93,15,11,57,21,2,113,1,8,12,2,12,24,1,8,2,72,10,20,24,1,22,27,9,6,36,6,1,5,89,118,1,55,2,1,25,4,88,53,3,6,3,4,78,5,17,2,164,10,7,13,3,38,1,3,59,34,22,3,85,26,18,5,11,38,20,15,12,36,11,99,4,2,97,41,9,9,5,1,31,71,72,12,34,1,9,145,1,20,4,5,2,2,67,21,1,62,17,81,20,21,25,89,4,1,1,6,11,14,13,12,2,6,3,33,57,11,3,39,28,1,33,1,35,6,11,5,10,14,57,3,6,2,54,4,4,1,13,28,53,4,11,108];
    fireSizes = [2,1,12,144,1,21,142,20,53,24693,8,25,8716,58,1635,856,33911,5,1,10,90,28,13374,149,90,36,7,25982,2,50,4,19818,188,1,21111,3,6,3,3,17,56,22,21234,14307,42,3,25475,2335,1,3,234,10959,23733,1,3,259,317,4914,34257,15,214,604,1,4,8711,5,30273,104,19,47,59,11,37569,34,2,288,1,398,688,193,28011,29,3288,27,90,28,465,16,639,38922,1,5,5,20,18,66,43534,1,1,464,17425,28,11253,2141,2802,2,27,25292,151,1622,25234,11959,13,987,8,56,2053,1,19944,78,2071,31,37347,348,5,44,6,7053,6421,22504,524,36,98,8,1,41710,18,11,4,1,1,59,7,812,139,25,25,39171,1,102,6,13,31,114,194,1,38622,1,1,124,58,1334,1,37273,3,1,105,210,7,43,37370,9,41337,3,11,7,43,2,11,318,30308,3,27,2,1,265,152,2239,4376,181,28240,4,1167,25,7,1,4,252,2357,495,35,32104,5,1,4,17,1591,159,5105,479,4218,22017,1,8,1791,7,28108,145,62,1786,6,21,848,1,2538,1,16,27,428,30877,1,2,301,1746,63,4028,33005,1,4,4,16,2322,15,6,6,5716,2044,154,22197,32,14,112,4597,34,3,518,22531,10563,43,187,26672,2501,10940,4,2159,20320,1,15,14229,54,3943,304,31,247,204,7307,267,9,607,2,10612,1803,15,8149,22,10,20873,24,29,42131,10,3,1,1,1864,365,199,1,33857,1,146,43,28,1,1,243,2615,31072,103,5,15,754,1542,29,1,41492,346,2829,15,33508,1,4,39,6,142,68,6294,2107,256,6205,5381,1363,8331,1,2,3,1553,2,283,4,9,24584,1,1151,11040,17,363,9866,14778,6,2054,32,29,571,1,2562,16777,3999,11996,3443,1,12,1590,100,1818,16,42021,1,4,37,3,14530,20703,10,12,21,122,34,21,45521,2,3,23,2,89,554,40569,1,4,13,24,511,37532,1,27,58,2,38220,5,2,69,918,32279,511,1,1,35,1,2,22,50,7212,152,143,14354,1,12666,1743,4,6,35,123,4646,3,2198,32657,2,1,2,7771,26,5,45,20,1,1486,28701,1,115,36,19,11291,202,3,1940,18089,1,4451,65,19,64,791,5554,16,141,1,31694,70,43,1,65,29,10,33,141,43953,25,13,13,1,8083,24143,481,7,2,100,1,16,11,1,47,596,9,39415,3,2,10,163,29985,4,72,4237,55,128,2,11025,16987,6,1,1972,1,22,33676,1,7,5182,11,441,1,36701,1,22,2,9,7529,2376,53,30,818,30174,5162,5,2828,26254,401,399,798,365,7,621,27,39443,1,196,1,1,72,40024,27,1,13,161,38788,1,4,72,4,3,4,167,319,9,32711,137,18,6,19,127,15678,20666,1,119,788,41,701,26709,5,8861,24,2,26,2062,7449,9959,7416,1638,122,12414,4825,1,1700,23,8,13645,3,15,13,19368,3,3,17,23939,55,12,132,1124,584,8,49,20732,8271,2556,5017,3,3,15,389,74,458,7,14011,259,512,1423,17,30,19521,5,10417,78,2,164,332,142,8,34072,2,2,23,34405,827,91,49,115,39887,1,1,13,16,21,435,13,296,3425,4401,937,24318,10,184,9712,26860,3,86,24,46,3,33096,4224,13,17,26,3,36985,3,211,1,1,11,5552,2,1001,398,28426,108,50,105,1,29046,7616,2324,647,9,3540,13871,5024,3276,109,218,91,15468,4,2144,11433,8471,1,43,1,590,27,70,14,23376,1,11907,5,5,11,549,7600,222,25319,1,721,3894,5045,21,684,6,21784,22,7,8078,1165,5067,2061,37,1192,22765,13,2,9443,93,1,5671,4,13202,48,4350,1,12,4678,3679,18266,5545,1,87,8,2,5,7576,63,28551,6,5,2,20528,15837,1,1,1135,8,36,6,35512,61,1,4,29,5,1197,9,8213,34823,5,10225,914,672,2184,10071,11960,1,16,7331,7522,41,19573,56,3,656,1185,4,9869,7,5,1,47,26355,1,51,1217,1,2,362,1943,35963,1,4,168,174,34,909,2395,30087,26,4,1];
end