function [yapproxFromFKN, bestChromosome] = BestChromosome
bestChromosome = [3,3,2,5,1,5,2,6,3,4,1,5,1,4,1,7,2,5,5,3,3,3,1,1,1,6,8,4,4,5,1,6,4,4,6,1,4,6,2,9,1,2,10,5,2,6,3,10,1,5,6,5,4,5,6,5,3,3,4,6,1,1,1,5,4,1,10,1,4,4,1,5,3,5,3,3,3,6,5,4,1,2,8,9,1,7,1,2];
yapproxFromFKN = [-0.247920133111481,-0.250992205230466,-0.254140196552623,-0.257366908838800,-0.260675280895343,-0.264068396887845,-0.267549495253686,-0.271121978262934,-0.274789422281761,-0.278555588797571,-0.282424436270590,-0.286400132882799,-0.290487070261827,-0.294689878264849,-0.299013440915737,-0.303462913597716,-0.308043741613746,-0.312761680237808,-0.317622816392338,-0.322633592100363,-0.327800829875519,-0.333131760229189,-0.338634051491682,-0.344315842163675,-0.350185776035302,-0.356253040333326,-0.362527407181869,-0.369019278689259,-0.375739736002708,-0.382700592703607,-0.389914452949122,-0.397394774800085,-0.405155939210359,-0.413213325188095,-0.421583391673206,-0.430283766706238,-0.439333344488881,-0.448752390951963,-0.458562658447782,-0.468787510162820,-0.479452054794520,-0.490583291938299,-0.502210268469837,-0.514364245957665,-0.527078878767464,-0.540390401975156,-0.554337827425988,-0.568963145173131,-0.584311525980530,-0.600431518414981,-0.617375231053604,-0.635198486181918,-0.653960925623557,-0.673726041431820,-0.694561093267945,-0.716536859264626,-0.739727146474961,-0.764207958506636,-0.790056178724413,-0.817347573508847,-0.846153846153846,-0.876538371006321,-0.908550100267700,-0.942214951152358,-0.977523735710134,-1.01441537640150,-1.05275374878136,-1.09229601426310,-1.13264979173342,-1.17321608133642,-1.21311475409836,-1.25109016898326,-1.28539700166574,-1.31367218469342,-1.33281011956973,-1.33887733887734,-1.32713026444662,-1.29223058083342,-1.22876963559525,-1.13218142306029,-1,-0.833190562016433,-0.637040538943387,-0.421041111310887,-0.197505197505198,0.0207253886010362,0.222636981735769,0.400624994833045,0.550935550935551,0.673156898313543,0.769230769230769,0.842420673668205,0.896487985212569,0.935147512972598,0.961768870493410,0.979253112033195,0.990016638935108,0.996031467079070,0.998889001110999,0.999868421877056,1,1.00011904687314,1.00090899909100,1.00293326346330,1.00665557404326,1.01244813278008,1.02058599281124,1.03122527153171,1.04436229205176,1.05977146860861,1.07692307692308,1.09488993274768,1.11226611226611,1.12714015261117,1.13718170910545,1.13989637305699,1.13305613305613,1.11521954956575,1.08616002836544,1.04700488620555,0.999999900000020,0.947995575047310,0.893868112590702,0.840076936220925,0.788442703232125,0.740124740124740,0.695720419186556,0.655410525683959,0.619100499722377,0.586534458758177,0.557377049180328,0.531267119711752,0.507850048061519,0.486795317256221,0.467804583649278,0.450613988254138,0.434993218368533,0.420742909305437,0.407691348192783,0.395691033065761,0.384615384615385,0.374355753382200,0.364818775291338,0.355924078640434,0.347602320071890,0.339793515667452,0.332445629924749,0.325513386288670,0.318957265919712,0.312742665227890,0.306839186691312,0.301220041255431,0.295861544008654,0.290742687798448,0.285844781993465,0.281151145744927,0.276646846899622,0.272318479215148,0.268153971771105,0.264142425498814,0.260273972602740,0.256539655349684,0.252931321282843,0.249441532398381,0.246063486220110,0.242790947037874,0.239618185849215,0.236539927771949,0.233551305885259,0.230647820615684,0.227825303917154,0.225079887605671,0.222407975302817,0.219806217521175,0.217271489491267,0.214800871385969,0.212391630646074,0.210041206151243,0.207747194015127,0.205507334812908,0.203319502074689,0.201181691899781,0.199092013565442,0.197048681019593,0.195050005160772,0.193094386820462,0.191180310373220,0.189306337908926,0.187471103909220,0.185673310376944,0.183911722373261,0.182185163922275,0.180492514247440,0.178832704308016,0.177204713607256,0.175607567247057,0.174040333206499,0.172502119824038,0.170992073465215,0.169509376359607,0.168053244592346];
end