function path = BestResultFound
    path = [13,10,9,23,4,5,1,18,26,25,32,50,29,47,34,42,28,48,33,38,45,27,39,44,40,37,49,30,36,8,16,21,19,7,14,22,17,24,2,12,6,15,3,11,20,46,41,35,43,31];
end