R=[89,87.5000000000000,86.5000000000000,85,88,88.5000000000000,85.5000000000000,90.5000000000000,89,87,87.5000000000000,91,88,86.5000000000000,86,86,87.5000000000000,86.5000000000000,89,94,89,89,86.5000000000000,85.5000000000000,87.5000000000000,86.5000000000000,88,91,85,86.5000000000000;88.5000000000000,90.5000000000000,89.5000000000000,84,88.5000000000000,88.5000000000000,88,87,88,87.5000000000000,90,90.5000000000000,87.5000000000000,85,88,87.5000000000000,93,86.5000000000000,83.5000000000000,89,88.5000000000000,84.5000000000000,89.5000000000000,84,86,90,85.5000000000000,89,87.5000000000000,88;87.5000000000000,89,86,86,82.5000000000000,89,91,86,92,85,87.5000000000000,88,87,86.5000000000000,87.5000000000000,87.5000000000000,86.5000000000000,90,87,91,86,86,87,86.5000000000000,84.5000000000000,87,91,88.5000000000000,89,86.5000000000000;88.5000000000000,87,87,95,88.5000000000000,89.5000000000000,88.5000000000000,86,87.5000000000000,89.5000000000000,88,87.5000000000000,91.5000000000000,91,87.5000000000000,87.5000000000000,87.5000000000000,87,88.5000000000000,88.5000000000000,88,85.5000000000000,88,88,85.5000000000000,90,89,88.5000000000000,90,91.5000000000000;92,91,86.5000000000000,88,91,90,91.5000000000000,89,86,94.5000000000000,89,89.5000000000000,86.5000000000000,89.5000000000000,87.5000000000000,87.5000000000000,90,89,87,88,97.5000000000000,88.5000000000000,90.5000000000000,88,92,86,86.5000000000000,90,92,83;92.5000000000000,86.5000000000000,92.5000000000000,91.5000000000000,86,89.5000000000000,89,85.5000000000000,88.5000000000000,87,98.5000000000000,89,94.5000000000000,90.5000000000000,89,87.5000000000000,87.5000000000000,87,87,90,85.5000000000000,89.5000000000000,84,86.5000000000000,90.5000000000000,87,89,90.5000000000000,89,89;92,89,89.5000000000000,92,86.5000000000000,91.5000000000000,88,94.5000000000000,91,86.5000000000000,85.5000000000000,87,92,90,88.5000000000000,87.5000000000000,92.5000000000000,89.5000000000000,91.5000000000000,88.5000000000000,91,86.5000000000000,86,91,91,93.5000000000000,89.5000000000000,90,87.5000000000000,86.5000000000000;93,89.5000000000000,86.5000000000000,93.5000000000000,93,87.5000000000000,89.5000000000000,91,90.5000000000000,87.5000000000000,87.5000000000000,90.5000000000000,88,91,91,88,91,85.5000000000000,90.5000000000000,90,89,91.5000000000000,89.5000000000000,91.5000000000000,88,89,86.5000000000000,89,89,88.5000000000000;90.5000000000000,91.5000000000000,90.5000000000000,89.5000000000000,95,89,94,87,87,87.5000000000000,92,87.5000000000000,91.5000000000000,88.5000000000000,87.5000000000000,90.5000000000000,88.5000000000000,89.5000000000000,89,89.5000000000000,88.5000000000000,87.5000000000000,86,87.5000000000000,87,88.5000000000000,91,89,93.5000000000000,89.5000000000000;94.5000000000000,93.5000000000000,91.5000000000000,94,92,94.5000000000000,89.5000000000000,87,88.5000000000000,89.5000000000000,89.5000000000000,92,93,90.5000000000000,87.5000000000000,91,90.5000000000000,89.5000000000000,93.5000000000000,91.5000000000000,88,92,89.5000000000000,93,87.5000000000000,92,89,89.5000000000000,88.5000000000000,92;89.5000000000000,88,87,94,90,90.5000000000000,89.5000000000000,98,89,93,90.5000000000000,88,92,92,88,90,88.5000000000000,91,89,91,86,90.5000000000000,96.5000000000000,88.5000000000000,91.5000000000000,91,89.5000000000000,94,87,89;98.5000000000000,88.5000000000000,96.5000000000000,92.5000000000000,91.5000000000000,89.5000000000000,91.5000000000000,90.5000000000000,89,90.5000000000000,87,88.5000000000000,97.5000000000000,93,91.5000000000000,92.5000000000000,93.5000000000000,93,86.5000000000000,91.5000000000000,94,91.5000000000000,87.5000000000000,87.5000000000000,92,91.5000000000000,92,88,92,90.5000000000000;92.5000000000000,89.5000000000000,89.5000000000000,93.5000000000000,88.5000000000000,89,94.5000000000000,94.5000000000000,97,93.5000000000000,90.5000000000000,90.5000000000000,93,95.5000000000000,91.5000000000000,92,87.5000000000000,95,91,89.5000000000000,91.5000000000000,88,91,89,91,88.5000000000000,90,92,89,92;93.5000000000000,94,98.5000000000000,96,91.5000000000000,95,89,91.5000000000000,91,89,91,96,98.5000000000000,93,96.5000000000000,93.5000000000000,91.5000000000000,91,97,92.5000000000000,88.5000000000000,93,93.5000000000000,88.5000000000000,90.5000000000000,92.5000000000000,89.5000000000000,93.5000000000000,92.5000000000000,90;95,100,88.5000000000000,94,98.5000000000000,100,96,96,94,91.5000000000000,89.5000000000000,98.5000000000000,95,88.5000000000000,91.5000000000000,87.5000000000000,95,90.5000000000000,92.5000000000000,90.5000000000000,94.5000000000000,87,93,91,91,95.5000000000000,94,89,93,89;95.5000000000000,103,95,98.5000000000000,91,98.5000000000000,92,95,97.5000000000000,91,99.5000000000000,102,95.5000000000000,95,90,91.5000000000000,100,95,96.5000000000000,98.5000000000000,94,95,100,94,92,89,94.5000000000000,102,93.5000000000000,89;96,102,98.5000000000000,103,99.5000000000000,99.5000000000000,97,100,96.5000000000000,91,95.5000000000000,101,99,95,100.500000000000,94,96,95,95,100.500000000000,94,98,92.5000000000000,96.5000000000000,88,95.5000000000000,96.5000000000000,96,96.5000000000000,94;97,92,97,98,103.500000000000,97,91,98.5000000000000,105,94,99.5000000000000,94.5000000000000,103,97,97.5000000000000,102.500000000000,96,97.5000000000000,94,100,90,99.5000000000000,93.5000000000000,94,102.500000000000,94.5000000000000,102.500000000000,95.5000000000000,95.5000000000000,102;108.500000000000,103,98,97,104.500000000000,107,100.500000000000,108,109,96.5000000000000,107,97.5000000000000,97.5000000000000,102,104,101,99.5000000000000,97,101,103,91.5000000000000,94.5000000000000,98.5000000000000,97,100.500000000000,100.500000000000,96.5000000000000,93,96,98;104.500000000000,109.500000000000,97,102.500000000000,111,98,101,103,105,102,102,113.500000000000,100,100,102.500000000000,100.500000000000,101,96.5000000000000,100.500000000000,106.500000000000,99,99.5000000000000,95.5000000000000,95,101.500000000000,98.5000000000000,106.500000000000,96,100.500000000000,96;110,102.500000000000,112,115.500000000000,104.500000000000,108,108.500000000000,101,105.500000000000,100.500000000000,105.500000000000,106,102,106.500000000000,97,97,100,99,103.500000000000,100.500000000000,110.500000000000,103,99.5000000000000,99.5000000000000,96.5000000000000,105.500000000000,107.500000000000,95.5000000000000,100,99.5000000000000;104.500000000000,109.500000000000,122,118.500000000000,117,107,110.500000000000,101.500000000000,111,117.500000000000,105.500000000000,107,105,108,109,113,104,104,100,103,105,100.500000000000,108,103,100,109,110,99.5000000000000,100,104;125,117,109.500000000000,108.500000000000,107,112.500000000000,116,116,108,122.500000000000,103,109,111.500000000000,112.500000000000,107,110.500000000000,108,105,108,103.500000000000,105.500000000000,104,110.500000000000,112.500000000000,98,109.500000000000,110,109,104,110;129,127,104,138.500000000000,116,112.500000000000,120.500000000000,120,110,113.500000000000,119,114.500000000000,110,117.500000000000,121,117.500000000000,119,114,109.500000000000,118,107,123,106,107,110.500000000000,113.500000000000,112,109,121,120.500000000000;154,145.500000000000,142,123.500000000000,134,131,132.500000000000,129.500000000000,133,130.500000000000,126,131.500000000000,127,125,136,125.500000000000,146.500000000000,122.500000000000,122,122.500000000000,121,134.500000000000,123,129,117.500000000000,121,116.500000000000,114,122.500000000000,135;180.500000000000,168.500000000000,182.500000000000,144.500000000000,144,156.500000000000,152.500000000000,151.500000000000,155.500000000000,150.500000000000,128,140,155.500000000000,129.500000000000,137,142.500000000000,135.500000000000,149,135.500000000000,123.500000000000,152.500000000000,133,126,127.500000000000,112,149.500000000000,122,126.500000000000,137,122.500000000000;268.500000000000,218.500000000000,210.500000000000,197,204.500000000000,172.500000000000,201,175.500000000000,172,171.500000000000,149,187.500000000000,181,